kinematics:
  shoulder:
    x: 0
    y: 0
    z: 0.1626467941194478
    roll: -0
    pitch: 0
    yaw: -5.342542740088566e-08
  upper_arm:
    x: 0.000141130096145893
    y: 0
    z: 0
    roll: 1.570560657466753
    pitch: 0
    yaw: 9.818556907050352e-06
  forearm:
    x: -0.4253634536537459
    y: 0
    z: 0
    roll: 3.138718383075365
    pitch: 3.139851035905491
    yaw: -3.141590604450307
  wrist_1:
    x: -0.392429296203217
    y: 0.0001760735612419152
    z: 0.1342541308874333
    roll: 3.140281159789727
    pitch: -3.141147207159803
    yaw: -3.141591783253313
  wrist_2:
    x: 9.200584391933936e-05
    y: -0.09982291299134312
    z: 3.149555047067663e-05
    roll: 1.570480812565931
    pitch: 0
    yaw: 7.061291789244405e-07
  wrist_3:
    x: 2.241643505705183e-05
    y: 0.09955250769690081
    z: -6.834569234427036e-05
    roll: 1.570109797814484
    pitch: 3.141592653589793
    yaw: -3.141592437477467
  hash: calib_7179702714352281381